#slot cellType shared channel neighbor
10 2 8 9
0 1 0 0 8
1 1 0 0 9
11 2 9 8
4 1 0 1 9
5 1 0 1 8
8 8 6 7
0 2 0 0 10
2 1 0 0 6
3 1 0 0 7
5 2 0 1 11
6 1 0 1 7
7 1 0 1 6
10 1 0 1 6
11 1 0 1 7
9 8 7 6
1 2 0 0 10
2 1 0 0 6
3 1 0 0 7
4 2 0 1 11
6 1 0 1 7
7 1 0 1 6
14 1 0 1 7
15 1 0 1 6
6 14 4 5
2 2 1 0 0
4 1 0 0 4
5 1 0 0 5
7 2 1 1 0
8 1 0 1 5
9 1 0 1 4
10 2 0 1 8
12 1 0 1 4
13 1 0 1 5
15 2 0 1 9
16 1 0 1 5
17 1 0 1 4
20 1 0 1 4
21 1 0 1 5
7 14 5 4
3 2 1 0 0
4 1 0 0 4
5 1 0 0 5
6 2 1 1 0
8 1 0 1 5
9 1 0 1 4
11 2 0 1 8
12 1 0 1 4
13 1 0 1 5
14 2 0 1 9
16 1 0 1 5
17 1 0 1 4
24 1 0 1 5
25 1 0 1 4
4 20 2 3
4 2 1 0 0
6 1 0 0 2
7 1 0 0 3
10 1 0 0 3
11 1 0 0 2
14 1 0 0 2
15 1 0 0 3
18 1 0 0 3
19 1 0 0 2
22 1 0 0 2
23 1 0 0 3
26 1 0 0 3
27 1 0 0 2
0 1 0 1 2
1 1 0 1 3
9 2 1 1 0
12 2 1 1 0
17 2 1 1 0
20 2 0 1 6
25 2 0 1 7
5 20 3 2
5 2 1 0 0
6 1 0 0 2
7 1 0 0 3
10 1 0 0 3
11 1 0 0 2
14 1 0 0 2
15 1 0 0 3
18 1 0 0 3
19 1 0 0 2
22 1 0 0 2
23 1 0 0 3
26 1 0 0 3
27 1 0 0 2
30 1 0 0 3
31 1 0 0 2
8 2 1 1 0
13 2 1 1 0
16 2 1 1 0
21 2 0 1 6
24 2 0 1 7
2 26 1
6 2 1 0 0
8 1 0 0 1
9 1 0 0 1
11 2 1 0 0
12 1 0 0 1
13 1 0 0 1
14 2 1 0 0
16 1 0 0 1
17 1 0 0 1
19 2 1 0 0
20 1 0 0 1
21 1 0 0 1
22 2 1 0 0
24 1 0 0 1
25 1 0 0 1
27 2 1 0 0
28 1 0 0 1
29 1 0 0 1
31 2 0 0 5
32 1 0 0 1
33 1 0 0 1
0 2 0 1 4
2 1 0 1 1
3 1 0 1 1
4 1 0 2 1
5 1 0 2 1
3 26 1
7 2 1 0 0
8 1 0 0 1
9 1 0 0 1
10 2 1 0 0
12 1 0 0 1
13 1 0 0 1
15 2 1 0 0
16 1 0 0 1
17 1 0 0 1
18 2 1 0 0
20 1 0 0 1
21 1 0 0 1
23 2 1 0 0
24 1 0 0 1
25 1 0 0 1
26 2 1 0 0
28 1 0 0 1
29 1 0 0 1
30 2 0 0 5
32 1 0 0 1
33 1 0 0 1
34 1 0 0 1
35 1 0 0 1
1 2 0 1 4
2 1 0 1 1
3 1 0 1 1
1 20
8 2 1 0 0
9 2 1 0 0
12 2 1 0 0
13 2 1 0 0
16 2 1 0 0
17 2 1 0 0
20 2 1 0 0
21 2 1 0 0
24 2 1 0 0
25 2 1 0 0
28 2 1 0 0
29 2 1 0 0
32 2 1 0 0
33 2 1 0 0
34 2 0 0 3
35 2 0 0 3
2 2 1 1 0
3 2 1 1 0
4 2 0 2 2
5 2 0 2 2
