#slot cellType shared channel neighbor
6 2 4 5
0 1 0 0 4
1 1 0 0 5
7 2 5 4
4 1 0 1 5
5 1 0 1 4
4 8 2 3
0 2 0 0 6
2 1 0 0 2
3 1 0 0 3
6 1 0 0 3
7 1 0 0 2
10 1 0 0 2
11 1 0 0 3
5 2 0 1 7
5 8 3 2
1 2 0 0 6
2 1 0 0 2
3 1 0 0 3
6 1 0 0 3
7 1 0 0 2
14 1 0 0 3
15 1 0 0 2
4 2 0 1 7
2 14 1
2 2 1 0 0
4 1 0 0 1
5 1 0 0 1
7 2 1 0 0
8 1 0 0 1
9 1 0 0 1
10 2 0 0 4
12 1 0 0 1
13 1 0 0 1
15 2 0 0 5
16 1 0 0 1
17 1 0 0 1
0 1 0 1 1
1 1 0 1 1
3 14 1
3 2 1 0 0
4 1 0 0 1
5 1 0 0 1
6 2 1 0 0
8 1 0 0 1
9 1 0 0 1
11 2 0 0 4
12 1 0 0 1
13 1 0 0 1
14 2 0 0 5
16 1 0 0 1
17 1 0 0 1
18 1 0 0 1
19 1 0 0 1
1 12
4 2 1 0 0
5 2 1 0 0
8 2 1 0 0
9 2 1 0 0
12 2 1 0 0
13 2 1 0 0
16 2 1 0 0
17 2 1 0 0
18 2 0 0 3
19 2 0 0 3
0 2 0 1 2
1 2 0 1 2
