#slot cellType shared channel neighbor
10 2 8
0 1 0 0 8
1 1 0 0 8
11 2 9
2 1 0 1 9
3 1 0 1 9
8 6 6
0 2 0 0 10
1 2 0 0 10
2 1 0 0 6
3 1 0 0 6
6 1 0 2 6
7 1 0 2 6
9 6 7
2 2 0 1 11
3 2 0 1 11
4 1 0 1 7
5 1 0 1 7
8 1 0 3 7
9 1 0 3 7
6 10 4
2 2 0 0 8
3 2 0 0 8
4 1 0 0 4
5 1 0 0 4
6 2 0 2 8
7 2 0 2 8
8 1 0 2 4
9 1 0 2 4
12 1 0 2 4
13 1 0 2 4
7 10 5
4 2 0 1 9
5 2 0 1 9
6 1 0 1 5
7 1 0 1 5
10 1 0 2 5
11 1 0 2 5
14 1 0 2 5
15 1 0 2 5
8 2 0 3 9
9 2 0 3 9
4 14 2
4 2 0 0 6
5 2 0 0 6
6 1 0 0 2
7 1 0 0 2
0 1 0 1 2
1 1 0 1 2
10 1 0 1 2
11 1 0 1 2
14 1 0 1 2
15 1 0 1 2
8 2 0 2 6
9 2 0 2 6
12 2 0 2 6
13 2 0 2 6
5 14 3
6 2 0 1 7
7 2 0 1 7
8 1 0 1 3
9 1 0 1 3
12 1 0 1 3
13 1 0 1 3
16 1 0 1 3
17 1 0 1 3
10 2 0 2 7
11 2 0 2 7
14 2 0 2 7
15 2 0 2 7
2 1 0 3 3
3 1 0 3 3
2 18 1
6 2 0 0 4
7 2 0 0 4
8 1 0 0 1
9 1 0 0 1
12 1 0 0 1
13 1 0 0 1
16 1 0 0 1
17 1 0 0 1
20 1 0 0 1
21 1 0 0 1
0 2 0 1 4
1 2 0 1 4
10 2 0 1 4
11 2 0 1 4
14 2 0 1 4
15 2 0 1 4
2 1 0 2 1
3 1 0 2 1
3 18 1
10 1 0 0 1
11 1 0 0 1
14 1 0 0 1
15 1 0 0 1
18 1 0 0 1
19 1 0 0 1
8 2 0 1 5
9 2 0 1 5
12 2 0 1 5
13 2 0 1 5
16 2 0 1 5
17 2 0 1 5
0 1 0 2 1
1 1 0 2 1
4 1 0 2 1
5 1 0 2 1
2 2 0 3 5
3 2 0 3 5
1 20
8 2 0 0 2
9 2 0 0 2
10 2 0 0 3
11 2 0 0 3
12 2 0 0 2
13 2 0 0 2
14 2 0 0 3
15 2 0 0 3
16 2 0 0 2
17 2 0 0 2
18 2 0 0 3
19 2 0 0 3
20 2 0 0 2
21 2 0 0 2
0 2 0 2 3
1 2 0 2 3
2 2 0 2 2
3 2 0 2 2
4 2 0 2 3
5 2 0 2 3
