#slot cellType shared channel neighbor
6 2 4 5
0 1 0 0 4
1 1 0 0 5
7 2 5 4
4 1 0 0 4
3 1 0 1 5
4 6 2 3
0 2 0 0 6
4 2 0 0 7
5 1 0 0 2
7 1 0 0 2
8 1 0 0 3
1 1 0 1 2
5 6 3 2
1 2 0 0 6
2 1 0 0 3
10 1 0 0 3
11 1 0 0 2
3 2 0 1 7
4 1 0 1 3
2 10 1
5 2 0 0 4
6 1 0 0 1
7 2 0 0 4
11 2 0 0 5
12 1 0 0 1
13 1 0 0 1
14 1 0 0 1
1 2 0 1 4
2 1 0 1 1
8 1 0 1 1
3 10 1
2 2 0 0 5
3 1 0 0 1
8 2 0 0 4
9 1 0 0 1
10 2 0 0 5
0 1 0 1 1
4 2 0 1 5
5 1 0 1 1
11 1 0 1 1
1 1 0 2 1
1 12
3 2 0 0 3
6 2 0 0 2
9 2 0 0 3
12 2 0 0 2
13 2 0 0 2
14 2 0 0 2
0 2 0 1 3
2 2 0 1 2
5 2 0 1 3
8 2 0 1 2
11 2 0 1 3
1 2 0 2 3
