#slot cellType shared channel neighbor
10 2 8 9
0 1 0 0 8
1 1 0 0 9
11 2 9 8
3 1 0 2 9
4 1 0 2 8
8 6 6 7
0 2 0 0 10
1 1 0 1 6
5 1 0 1 6
8 1 0 1 7
4 2 0 2 11
7 1 0 2 6
9 6 7 6
1 2 0 0 10
2 1 0 0 7
11 1 0 1 6
3 2 0 2 11
10 1 0 2 7
4 1 0 3 7
6 10 4 5
6 1 0 0 4
12 1 0 0 4
15 1 0 0 5
1 2 0 1 8
2 1 0 1 4
5 2 0 1 8
11 2 0 1 9
14 1 0 1 4
7 2 0 2 8
8 1 0 2 4
7 10 5 4
2 2 0 0 9
3 1 0 0 5
9 1 0 0 5
18 1 0 0 4
8 2 0 1 8
17 1 0 1 5
5 1 0 2 5
10 2 0 2 9
11 1 0 2 5
4 2 0 3 9
4 14 2 3
6 2 0 0 6
7 1 0 0 2
12 2 0 0 6
13 1 0 0 2
18 2 0 0 7
19 1 0 0 2
21 1 0 0 2
22 1 0 0 3
2 2 0 1 6
3 1 0 1 2
9 1 0 1 2
14 2 0 1 6
15 1 0 1 2
8 2 0 2 6
5 14 3 2
3 2 0 0 7
4 1 0 0 3
9 2 0 0 7
10 1 0 0 3
15 2 0 0 6
16 1 0 0 3
0 1 0 1 3
6 1 0 1 3
12 1 0 1 3
17 2 0 1 7
18 1 0 1 3
1 1 0 2 2
5 2 0 2 7
11 2 0 2 7
2 18 1
7 2 0 0 4
8 1 0 0 1
13 2 0 0 4
14 1 0 0 1
19 2 0 0 4
20 1 0 0 1
21 2 0 0 4
24 1 0 0 1
25 1 0 0 1
3 2 0 1 4
4 1 0 1 1
9 2 0 1 4
10 1 0 1 1
15 2 0 1 4
16 1 0 1 1
22 1 0 1 1
1 2 0 2 5
2 1 0 2 1
3 18 1
4 2 0 0 5
5 1 0 0 1
10 2 0 0 5
11 1 0 0 1
16 2 0 0 5
17 1 0 0 1
22 2 0 0 4
23 1 0 0 1
26 1 0 0 1
27 1 0 0 1
0 2 0 1 5
6 2 0 1 5
7 1 0 1 1
12 2 0 1 5
13 1 0 1 1
18 2 0 1 5
19 1 0 1 1
1 1 0 3 1
1 20
5 2 0 0 3
8 2 0 0 2
11 2 0 0 3
14 2 0 0 2
17 2 0 0 3
20 2 0 0 2
23 2 0 0 3
24 2 0 0 2
25 2 0 0 2
26 2 0 0 3
27 2 0 0 3
4 2 0 1 2
7 2 0 1 3
10 2 0 1 2
13 2 0 1 3
16 2 0 1 2
19 2 0 1 3
22 2 0 1 2
2 2 0 2 2
1 2 0 3 3
